============================hardest-event================================
no.	eventid	status	mothers		daughters	pT	eta	phi

0	system	-11	0   0		0   0		0	inf	0
1	p+	-12	0   0		296   0		0	55.5985	0
2	p+	-12	0   0		297   0		0	-55.5985	0
3	g	-21	7   0		5   6		0	52.7137	0
4	d	-21	8   8		5   6		0	-53.9713	0
5	Z0	-22	3   4		9   9		544.226	-1.4377	1.90968
6	d	-23	3   4		10   10		544.226	0.177278	-1.23191
374	nu_e	23	298   0		0   0		555.181	-1.36083	1.99061
375	nu_ebar	23	298   0		0   0		32.8551	-0.792846	1.70834
=========================event-END===============================
0	system	-11	0   0		0   0		0	inf	0
1	p+	-12	0   0		296   0		0	55.5985	0
2	p+	-12	0   0		297   0		0	-55.5985	0
3	g	-21	7   0		5   6		0	52.7137	0
4	d	-21	8   8		5   6		0	-53.9713	0
5	Z0	-22	3   4		9   9		544.226	-1.4377	1.90968
6	d	-23	3   4		10   10		544.226	0.177278	-1.23191
7	g	-41	14   14		11   3		8.28628e-14	37.0949	2.60117
8	d	-42	16   0		4   4		1.42109e-14	-39.8044	-1.5708
9	Z0	-44	5   5		17   17		575.6	-1.35093	1.94853
10	d	-44	6   6		18   18		407.373	0.607048	-1.50478
11	g	-43	7   0		12   13		225.614	-0.295236	-0.606159
12	g	-51	11   0		19   19		221.217	-0.309999	-0.632006
13	g	-51	11   0		20   20		7.25769	1.58534	0.300953
14	g	-53	15   15		7   7		1.65726e-13	36.4292	2.60117
15	g	-42	22   22		14   14		4.0068e-13	35.5463	-0.654141
16	d	-41	23   0		21   8		3.99975e-13	-36.4835	2.4861
17	Z0	-44	9   9		24   24		584.345	-1.34014	1.95747
18	d	-44	10   10		25   25		406.705	0.601132	-1.50666
19	g	-44	12   12		26   26		219.839	-0.320521	-0.63187
20	g	-44	13   13		27   27		7.25377	1.58053	0.301717
21	g	-43	16   0		28   28		12.5643	-0.999391	-0.653585
22	g	-42	33   0		15   15		6.18953e-13	35.1115	0.150522
23	d	-41	34   34		29   16		6.18937e-13	-36.1328	-2.99125
24	Z0	-44	17   17		35   35		586.537	-1.33691	1.97253
25	d	-44	18   18		36   36		406.785	0.600812	-1.50888
26	g	-44	19   19		30   31		218.968	-0.325007	-0.635835
27	g	-44	20   20		38   38		7.24777	1.57918	0.301844
28	g	-44	21   21		32   32		12.4685	-1.00756	-0.6616
29	g	-43	23   0		40   40		11.3681	-3.08824	0.150516
30	g	-51	26   0		37   37		144.289	-0.374844	-0.689299
31	g	-51	26   0		41   41		78.8933	-0.26786	-0.539138
32	g	-52	28   28		39   39		8.82742	-1.00756	-0.6616
33	g	-41	62   0		42   22		4.44103e-16	42.4711	-3.13378
34	d	-42	48   48		23   23		2.22045e-15	-41.7631	-0.0015625
35	Z0	-44	24   24		64   64		586.917	-1.33741	1.97403
36	d	-44	25   25		65   65		406.51	0.601606	-1.51998
37	g	-44	30   30		51   51		143.821	-0.371477	-0.69196
38	g	-44	27   27		49   50		7.04363	1.60787	0.31102
39	g	-44	32   32		43   44		8.81187	-1.00568	-0.662962
40	g	-44	29   29		45   45		11.365	-3.08785	0.150559
41	g	-44	31   31		54   54		78.5769	-0.263722	-0.541525
42	g	-43	33   0		71   71		6.69262	3.03773	-0.00436612
43	g	-51	39   0		68   68		8.32836	-1.94198	-1.2591
44	g	-51	39   0		61   61		7.75287	-1.27912	0.387097
45	g	-52	40   40		46   47		8.54505	-3.08785	0.150559
46	g	-51	45   0		59   60		5.08014	-3.71682	1.57603
47	g	-51	45   0		73   73		9.28725	-3.55233	-0.421346
48	d	-53	63   63		34   34		4.65176e-13	-36.5258	-3.14158
49	g	-51	38   0		67   67		7.51712	1.60139	0.0132946
50	g	-51	38   0		74   74		4.62531	-0.690686	-0.459505
51	g	-52	37   37		52   53		137.384	-0.371477	-0.69196
52	g	-51	51   0		66   66		26.8424	-0.269416	-0.592565
53	g	-51	51   0		75   75		126.661	-0.379361	-0.693858
54	g	-52	41   41		70   70		62.4081	-0.263722	-0.541525
55	g	-31	115   115		57   58		0	48.392	0
56	g	-31	116   0		57   58		0	-48.829	0
57	g	-33	55   56		117   117		3.04168	-1.60423	2.83233
58	g	-33	55   56		118   118		3.04168	1.16721	-0.309261
59	g	-51	46   0		69   69		6.18915	-3.30405	1.15795
60	g	-51	46   0		76   76		1.91046	-3.11191	-2.96648
61	g	-52	44   44		72   72		7.07408	-1.27912	0.387097
62	g	-41	94   0		77   33		4.44089e-16	42.6968	3.14159
63	d	-42	95   95		48   48		4.57757e-16	-43.4497	-2.89661
64	Z0	-44	35   35		96   96		586.905	-1.33739	1.97458
65	d	-44	36   36		93   93		407.091	0.600184	-1.52345
66	g	-44	52   52		98   98		26.8208	-0.268604	-0.593915
67	g	-44	49   49		99   99		7.44736	1.61072	0.00903286
68	g	-44	43   43		78   79		8.32868	-1.94201	-1.25939
69	g	-44	59   59		85   86		6.1888	-3.30399	1.158
70	g	-44	54   54		80   80		62.3533	-0.262836	-0.54284
71	g	-44	42   42		103   103		6.43451	3.07707	-0.0235494
72	g	-44	61   61		104   104		7.07004	-1.27854	0.387067
73	g	-44	47   47		105   105		9.28689	-3.55229	-0.421391
74	g	-44	50   50		106   106		4.62235	-0.690037	-0.460313
75	g	-44	53   53		107   107		126.585	-0.378758	-0.695134
76	g	-44	60   60		87   87		1.91063	-3.11199	-2.96645
77	g	-43	62   0		91   92		2.54507	4.81266	0.439916
78	d	-51	68   0		100   100		5.42992	-1.13601	-0.989561
79	dbar	-51	68   0		90   90		4.07308	-2.35108	-1.41713
80	g	-52	70   70		88   89		61.1236	-0.262836	-0.54284
81	s	-31	120   0		83   84		0	46.4772	0
82	g	-31	121   121		83   84		0	-48.9513	0
83	s	-33	81   82		122   122		2.27592	-0.725588	-1.40199
84	g	-33	81   82		123   123		2.27592	-1.77448	1.7396
85	g	-51	69   0		101   101		2.52955	-2.84862	0.506332
86	g	-51	69   0		111   111		4.3271	-3.53161	1.74311
87	g	-52	76   76		108   108		0.882365	-3.11199	-2.96645
88	g	-51	80   0		102   102		51.0243	-0.225169	-0.554664
89	g	-51	80   0		112   112		10.1734	-0.484398	-0.490158
90	dbar	-52	79   79		110   110		3.98506	-2.35105	-1.4171
91	g	-51	77   0		109   109		2.23677	4.95099	0.0595829
92	g	-51	77   0		113   113		2.01052	0.212591	-1.46629
93	d	-52	65   65		97   97		404.138	0.600184	-1.52345
94	g	-41	186   0		114   62		2.22045e-16	44.164	3.14159
95	d	-42	187   187		63   63		4.47545e-16	-43.4722	-0.124355
96	Z0	-44	64   64		188   188		586.82	-1.33725	1.97436
97	d	-44	93   93		189   189		404.297	0.599791	-1.5217
98	g	-44	66   66		190   190		26.8393	-0.269291	-0.593607
99	g	-44	67   67		134   135		7.48353	1.60587	0.00814256
100	d	-44	78   78		173   173		5.43111	-1.13622	-0.98933
101	g	-44	85   85		157   157		2.52967	-2.84866	0.506296
102	g	-44	88   88		158   159		51.0616	-0.225899	-0.554371
103	g	-44	71   71		136   136		6.57069	3.05613	-0.0266725
104	g	-44	72   72		140   141		7.07168	-1.27877	0.386921
105	g	-44	73   73		155   156		9.28715	-3.55232	-0.421384
106	g	-44	74   74		198   198		4.62454	-0.69051	-0.460173
107	g	-44	75   75		160   160		126.659	-0.379343	-0.694797
108	g	-44	87   87		142   142		0.882329	-3.11195	-2.96644
109	g	-44	91   91		125   126		2.54113	4.82341	0.0312837
110	dbar	-44	90   90		133   133		3.98518	-2.35108	-1.41701
111	g	-44	86   86		203   203		4.32706	-3.5316	1.74308
112	g	-44	89   89		131   132		10.1793	-0.484974	-0.489969
113	g	-44	92   92		127   127		2.0112	0.212257	-1.46512
114	g	-43	94   0		137   138		1.52907	7.07745	2.96844
115	g	-42	164   0		55   55		8.56834e-15	34.731	-2.64897
116	g	-41	165   165		119   56		7.27344e-15	-36.6872	0.545655
117	g	-44	57   57		130   130		2.32726	-1.88776	2.41271
118	g	-44	58   58		167   167		3.09958	1.17026	-0.290119
119	g	-43	116   0		128   129		1.40109	-3.4916	-2.64838
120	g	-41	143   143		124   81		4.44089e-16	37.3578	0
121	g	-42	144   0		82   82		2.22045e-16	-38.9432	3.14159
122	s	-44	83   83		145   145		2.64442	-0.782245	-1.78998
123	g	-44	84   84		146   146		2.24345	-1.67579	1.89057
124	sbar	-43	120   0		147   147		1.35748	1.4413	0.339003
125	g	-51	109   0		201   201		2.74467	4.24099	0.357207
126	g	-51	109   0		149   150		0.912265	4.92362	-1.6017
127	g	-52	113   113		151   151		1.97941	0.212257	-1.46512
128	g	-51	119   0		168   168		2.06598	-2.20413	3.08308
129	g	-51	119   0		169   169		0.0915188	-5.95737	2.78425
130	g	-52	117   117		166   166		1.10182	-1.88776	2.41271
131	g	-51	112   0		204   204		6.19774	-0.73133	-0.473028
132	g	-51	112   0		208   208		4.06512	-0.209444	-0.541275
133	dbar	-52	110   110		202   202		3.856	-2.35104	-1.41694
134	g	-51	99   0		191   191		3.33292	1.37197	0.232481
135	g	-51	99   0		209   209		4.69364	1.93842	-0.153485
136	g	-52	103   103		139   139		6.1721	3.05613	-0.0266725
137	g	-51	114   0		206   206		2.19142	6.52155	2.49439
138	g	-51	114   0		210   210		1.12232	5.6688	-1.23917
139	g	-52	136   136		195   195		6.04871	3.05613	-0.0266725
140	g	-51	104   0		171   172		2.91958	-1.72549	0.235314
141	g	-51	104   0		211   211		4.10069	-1.03702	0.50053
142	g	-52	108   108		200   200		0.768449	-3.11195	-2.96644
143	g	-42	220   220		120   120		2.91636e-14	33.1731	-1.14291
144	g	-41	154   154		148   121		1.2339e-14	-38.1196	2.09887
145	s	-44	122   122		222   222		2.3453	-0.913591	-1.89089
146	g	-44	123   123		152   153		3.0447	-1.38182	1.91975
147	sbar	-44	124   124		224   224		1.35548	1.42857	0.356872
148	g	-43	144   0		225   225		1.2198	-5.85258	-1.1404
149	g	-51	126   0		179   179		0.746669	4.47749	1.01376
150	g	-51	126   0		161   162		1.65763	3.58549	-1.8249
151	g	-52	127   127		163   163		1.9203	0.212257	-1.46512
152	g	-51	146   0		180   181		2.10374	-1.07055	1.71604
153	g	-51	146   0		182   182		1.07253	-3.20762	2.32782
154	g	-53	221   0		144   144		5.97926e-14	-36.5868	0.364523
155	u	-51	105   0		197   197		6.81897	-3.65795	-0.339558
156	ubar	-51	105   0		213   213		2.75961	-3.19133	-0.49739
157	g	-52	101   101		193   193		2.09504	-2.84866	0.506296
158	g	-51	102   0		194   194		14.0707	-0.195507	-0.623914
159	g	-51	102   0		214   214		39.494	-0.246434	-0.538434
160	g	-52	107   107		199   199		124.171	-0.379343	-0.694797
161	g	-51	150   0		177   178		0.565349	1.93797	1.3655
162	g	-51	150   0		176   176		2.38203	3.15874	-1.78834
163	g	-52	151   151		174   175		1.75135	0.212257	-1.46512
164	g	-41	346   346		170   115		9.14436e-15	37.6285	-1.0637
165	g	-42	347   347		116   116		1.18987e-14	-36.195	2.3265
166	g	-44	130   130		183   184		1.08584	-1.87154	2.41383
167	g	-44	118   118		349   349		3.96299	0.926146	-0.409545
168	g	-44	128   128		350   350		2.04996	-2.19473	3.09033
169	g	-44	129   129		185   185		0.0914983	-5.95553	2.78435
170	g	-43	164   0		248   249		0.997349	5.25236	2.33693
171	u	-51	140   0		196   196		0.532541	-2.35523	1.03424
172	ubar	-51	140   0		216   216		3.02591	-1.47149	-0.143969
173	d	-52	100   100		192   192		4.64706	-1.13727	-0.988575
174	g	-51	163   0		205   205		0.8966	-0.337895	-1.33212
175	g	-51	163   0		217   217		1.11217	1.87956	-1.64283
176	g	-52	162   162		215   215		2.13737	3.15874	-1.78834
177	g	-51	161   0		212   212		0.877276	3.21025	-0.225552
178	g	-51	161   0		218   218		1.31204	3.21771	1.90953
179	g	-52	149   149		207   207		0.171983	4.47749	1.01376
180	g	-51	152   0		223   223		0.86615	-1.64794	0.628296
181	g	-51	152   0		227   227		2.11725	-1.32136	2.1621
182	g	-52	153   153		226   226		0.817651	-3.20762	2.32782
183	g	-51	166   0		250   250		0.740188	-1.53395	2.25683
184	g	-51	166   0		353   353		0.425551	-4.02696	2.73597
185	g	-52	169   169		351   351		0.0390342	-5.95553	2.78435
186	d	-41	286   286		219   94		1.24127e-16	45.2543	0.463648
187	d	-42	297   297		95   95		1.38778e-16	-44.6431	2.49809
188	Z0	-44	96   96		298   298		586.792	-1.3372	1.97431
189	d	-44	97   97		241   242		404.378	0.59959	-1.5213
190	g	-44	98   98		235   236		26.8443	-0.269477	-0.593573
191	g	-44	134   134		301   301		3.33553	1.37119	0.231895
192	d	-44	173   173		302   302		4.64737	-1.13734	-0.988531
193	g	-44	157   157		278   279		2.09506	-2.84867	0.506285
194	g	-44	158   158		231   231		14.0735	-0.195706	-0.623871
195	g	-44	139   139		254   255		6.07823	3.05126	-0.0286354
196	u	-44	171   171		306   306		0.532543	-2.35523	1.03421
197	u	-44	155   155		307   307		6.81901	-3.65796	-0.339559
198	g	-44	106   106		237   237		4.62511	-0.690634	-0.460167
199	g	-44	160   160		265   265		124.191	-0.379505	-0.69475
200	g	-44	142   142		271   271		0.768442	-3.11194	-2.96643
201	g	-44	125   125		284   285		2.77885	4.22862	0.345396
202	dbar	-44	133   133		232   233		3.85605	-2.35105	-1.41692
203	g	-44	111   111		280   280		4.32704	-3.5316	1.74307
204	g	-44	131   131		229   230		6.19848	-0.731448	-0.473021
205	g	-44	174   174		243   243		0.896695	-0.338001	-1.33198
206	g	-44	137   137		275   276		1.83475	6.69919	2.44728
207	g	-44	179   179		317   317		0.172569	4.47409	0.992257
208	g	-44	132   132		234   234		4.06593	-0.209643	-0.541249
209	g	-44	135   135		256   256		4.70145	1.93676	-0.153922
210	g	-44	138   138		277   277		1.17827	5.62016	-1.18878
211	g	-44	141   141		269   270		4.10091	-1.03707	0.500461
212	g	-44	177   177		295   295		0.882571	3.20423	-0.226677
213	ubar	-44	156   156		323   323		2.75963	-3.19134	-0.497389
214	g	-44	159   159		272   273		39.5016	-0.246626	-0.538409
215	g	-44	176   176		293   294		2.1398	3.1576	-1.78263
216	ubar	-44	172   172		326   326		3.02608	-1.47155	-0.143984
217	g	-44	175   175		327   327		1.11277	1.87901	-1.6413
218	g	-44	178   178		328   328		1.30652	3.22192	1.90498
219	d	-43	186   0		329   329		0.832931	7.8925	2.73078
220	g	-42	356   356		143   143		4.00243e-14	32.8566	-0.166859
221	g	-41	357   357		228   154		3.95978e-14	-38.8353	2.97967
222	s	-44	145   145		240   240		2.34701	-0.913129	-1.89555
223	g	-44	180   180		359   359		0.860254	-1.65503	0.635317
224	sbar	-44	147   147		360   360		1.35488	1.42796	0.357126
225	g	-44	148   148		238   239		1.01437	-6.03726	-1.84805
226	g	-44	182   182		362   362		0.84827	-3.17112	2.35478
227	g	-44	181   181		363   363		2.12753	-1.31677	2.16719
228	g	-43	221   0		364   364		0.87081	-7.93993	-0.167407
229	g	-51	204   0		281   282		4.73651	-0.805166	-0.534747
230	g	-51	204   0		283   283		3.89464	-0.301594	-0.492565
231	g	-52	194   194		304   304		11.6227	-0.195706	-0.623871
232	dbar	-51	202   0		312   312		3.40142	-2.12747	-1.56226
233	g	-51	202   0		331   331		0.809886	-2.70126	-0.616841
234	g	-52	208   208		318   318		3.95083	-0.209643	-0.541249
235	g	-51	190   0		263   264		11.8417	-0.220447	-0.630519
236	g	-51	190   0		332   332		15.5352	-0.321385	-0.560951
237	g	-52	198   198		308   308		4.10417	-0.690634	-0.460167
238	g	-51	225   0		361   361		0.666953	-6.29782	-0.78253
239	g	-51	225   0		253   253		0.929119	-4.20741	-2.52919
240	s	-52	222   222		251   252		2.31671	-0.914126	-1.89555
241	d	-51	189   0		299   299		359.532	0.601581	-1.52064
242	g	-51	189   0		259   259		44.862	0.583276	-1.52652
243	g	-52	205   205		257   258		0.88163	-0.338001	-1.33198
244	g	-31	367   367		246   247		0	50.0801	0
245	g	-31	368   368		246   247		0	-43.8835	0
246	g	-33	244   245		266   267		0.782185	2.03525	-2.09763
247	g	-33	244   245		268   268		0.782185	4.16135	1.04396
248	g	-51	170   0		352   352		0.80273	3.20768	2.79541
249	g	-51	170   0		262   262		0.454995	5.92718	1.4392
250	g	-52	183   183		260   261		0.734049	-1.53395	2.25683
251	s	-51	240   0		358   358		2.3379	-1.24701	-1.857
252	g	-51	240   0		366   366		0.111599	0.869224	2.90004
253	g	-52	239   239		365   365		0.893478	-4.20741	-2.52919
254	ubar	-51	195   0		305   305		0.82657	2.52873	-0.549936
255	u	-51	195   0		334   334		5.88049	3.02982	0.0305038
256	g	-52	209   209		319   319		4.18868	1.93676	-0.153922
257	g	-51	243   0		315   315		2.43606	0.470102	-1.22367
258	g	-51	243   0		335   335		1.25259	0.0810906	-1.98655
259	g	-52	242   242		333   333		42.2794	0.583276	-1.52652
260	g	-51	250   0		348   348		0.996035	-1.10662	1.60406
261	g	-51	250   0		355   355		0.605347	0.43648	-2.36427
262	g	-52	249   249		354   354		0.452042	5.92718	1.4392
263	g	-51	235   0		300   300		12.1426	-0.240635	-0.604246
264	g	-51	235   0		336   336		10.171	-0.359864	-0.727926
265	g	-52	199   199		274   274		113.75	-0.379505	-0.69475
266	d	-51	246   0		369   369		0.212987	2.60275	1.11058
267	dbar	-51	246   0		371   371		0.812522	2.89974	-2.08018
268	g	-52	247   247		370   370		0.599884	4.16135	1.04396
269	g	-51	211   0		321   321		3.02868	-1.06403	0.693462
270	g	-51	211   0		287   288		1.22986	-1.09748	0.0202111
271	g	-52	200   200		289   289		0.728639	-3.11194	-2.96643
272	g	-51	214   0		290   291		13.9478	-0.291551	-0.529154
273	g	-51	214   0		292   292		26.5327	-0.22797	-0.549077
274	g	-52	265   265		309   309		112.761	-0.379505	-0.69475
275	g	-51	206   0		316   316		1.81092	6.42781	2.4593
276	g	-51	206   0		339   339		0.171721	7.81334	-1.14346
277	g	-52	210   210		320   320		0.9753	5.62016	-1.18878
278	s	-51	193   0		303   303		0.751134	-3.68881	1.16211
279	sbar	-51	193   0		340   340		1.71975	-2.80108	0.596894
280	g	-52	203   203		313   313		3.67748	-3.5316	1.74307
281	d	-51	229   0		314   314		1.17101	-0.847255	-0.270953
282	dbar	-51	229   0		341   341		4.70083	-0.681506	-0.589962
283	g	-52	230   230		330   330		2.80602	-0.301594	-0.492565
284	g	-51	201   0		311   311		2.93696	4.37968	0.216345
285	g	-51	201   0		342   342		0.400913	4.68634	2.25616
286	d	-53	296   296		186   186		2.48253e-16	44.5767	0.463648
287	g	-51	270   0		337   337		0.967253	-1.31275	-0.594786
288	g	-51	270   0		343   343		0.633614	-1.40738	1.04322
289	g	-52	271   271		310   310		0.617455	-3.11194	-2.96643
290	g	-51	272   0		324   324		13.0873	-0.266761	-0.578245
291	g	-51	272   0		344   344		18.6182	-0.248357	-0.513645
292	g	-52	273   273		338   338		8.78942	-0.22797	-0.549077
293	g	-51	215   0		325   325		0.603807	3.23835	-2.46021
294	g	-51	215   0		345   345		1.78918	3.13698	-1.42054
295	g	-52	212   212		322   322		0.627311	3.20423	-0.226677
296	d	-61	1   0		286   286		1.79406	8.0601	-1.42872
297	d	-61	2   0		187   187		0.609133	-8.6252	-2.89492
298	Z0	-62	188   188		374   375		586.807	-1.33701	1.97501
299	d	-62	241   241		546   546		359.745	0.601026	-1.52068
300	g	-62	263   263		471   471		12.1429	-0.240954	-0.6046
301	g	-62	191   191		422   422		3.33501	1.37126	0.230655
302	d	-62	192   192		387   387		4.64694	-1.13761	-0.989103
303	s	-62	278   278		383   383		0.747851	-3.69318	1.16782
304	g	-62	231   231		476   476		11.6232	-0.196027	-0.624225
305	ubar	-62	254   254		410   410		0.828655	2.52619	-0.552993
306	u	-62	196   196		380   0		0.531813	-2.35656	1.03553
307	u	-62	197   197		505   505		6.77954	-3.66377	-0.34344
308	g	-62	237   237		469   469		4.10342	-0.690996	-0.46053
309	g	-62	274   274		473   473		112.762	-0.37982	-0.695107
310	g	-62	289   289		447   447		0.619939	-3.10793	-2.96613
311	g	-62	284   284		526   526		2.93239	4.38124	0.19116
312	dbar	-62	232   232		395   395		3.40276	-2.12715	-1.56372
313	g	-62	280   280		451   451		3.67584	-3.53203	1.7492
314	d	-62	281   281		392   392		1.17064	-0.847674	-0.271295
315	g	-62	257   257		549   549		2.43724	0.469596	-1.22388
316	g	-62	275   275		406   406		1.56955	6.57086	2.61305
317	g	-62	207   207		376   0		0.169006	4.49495	0.973588
318	g	-62	234   234		393   393		3.95085	-0.209961	-0.541604
319	g	-62	256   256		421   421		4.19127	1.93609	-0.156026
320	g	-62	277   277		408   408		1.05807	5.5387	-1.20788
321	g	-62	269   269		442   442		3.02709	-1.06444	0.693595
322	g	-62	295   295		522   522		0.629084	3.2014	-0.233919
323	ubar	-62	213   213		384   384		2.7508	-3.19456	-0.500367
324	g	-62	290   290		475   475		13.0873	-0.26708	-0.578599
325	g	-62	293   293		520   520		0.606322	3.23421	-2.45334
326	ubar	-62	216   216		388   388		3.02395	-1.47229	-0.144353
327	g	-62	217   217		550   550		1.11503	1.877	-1.64089
328	g	-62	218   218		524   524		1.29637	3.22973	1.90652
329	d	-62	219   219		405   405		0.757443	7.9875	-2.63929
330	g	-62	283   283		477   477		2.80591	-0.301912	-0.492917
331	g	-62	233   233		394   394		0.808492	-2.70301	-0.618893
332	g	-62	236   236		470   470		15.5349	-0.321704	-0.561305
333	g	-62	259   259		547   547		42.3041	0.582733	-1.52657
334	u	-62	255   255		420   420		5.88484	3.02906	0.0240104
335	g	-62	258   258		382   0		1.25309	0.0809018	-1.9865
336	g	-62	264   264		472   472		10.1713	-0.360176	-0.728281
337	g	-62	287   287		443   443		0.966879	-1.31325	-0.595347
338	g	-62	292   292		377   0		8.78944	-0.228288	-0.549432
339	g	-62	276   276		407   407		0.302832	7.24603	-1.26846
340	sbar	-62	279   279		452   452		1.71496	-2.80386	0.597892
341	dbar	-62	282   282		478   478		4.70021	-0.68185	-0.590346
342	g	-62	285   285		527   527		0.38922	4.71594	2.27441
343	g	-62	288   288		381   0		0.633251	-1.40783	1.0437
344	g	-62	291   291		377   0		18.6179	-0.248674	-0.513999
345	g	-62	294   294		521   521		1.8022	3.12973	-1.42061
346	g	-61	1   0		164   164		1.28991	5.04837	-0.599469
347	g	-61	2   0		165   165		0.252693	-5.50817	0.293953
348	g	-62	260   260		381   0		0.998015	-1.10208	1.59054
349	g	-62	167   167		423   423		4.03109	0.911637	-0.411526
350	g	-62	168   168		446   446		1.97875	-2.22881	3.07794
351	g	-62	185   185		379   0		0.0382123	-5.97673	0.96165
352	g	-62	248   248		523   523		0.680058	3.37334	2.84226
353	g	-62	184   184		449   449		0.356971	-4.20241	2.56059
354	g	-62	262   262		409   409		0.972413	5.16126	-0.171627
355	g	-62	261   261		382   0		0.602825	0.436092	-2.35329
356	g	-61	1   0		220   220		1.99266	1.31796	1.83145
357	g	-61	2   0		221   221		1.106	-7.87457	1.77899
358	s	-62	251   251		468   468		2.17766	-1.18371	-1.90236
359	g	-62	223   223		380   0		0.878128	-1.67378	0.683819
360	sbar	-62	224   224		378   0		2.13447	0.97419	1.14756
361	g	-62	238   238		379   0		0.556648	-6.47779	-0.646218
362	g	-62	226   226		450   450		0.863145	-3.17317	2.34432
363	g	-62	227   227		445   445		2.27542	-1.38118	2.14452
364	g	-62	228   228		507   507		1.01422	-7.78743	0.853791
365	g	-62	253   253		448   448		0.883631	-4.2158	-2.55666
366	g	-62	252   252		378   0		0.158731	0.517228	2.49542
367	g	-61	1   0		244   244		0.611071	4.48911	2.5104
368	g	-61	2   0		245   245		0.475593	1.48063	-0.181876
369	d	-62	266   266		519   519		0.330411	2.54821	0.549558
370	g	-62	268   268		376   0		0.76887	3.9282	1.58631
371	dbar	-62	267   267		551   551		0.729293	2.89389	-1.98785
372	uu_1	-63	1   0		528   528		0.380642	9.96005	2.53241
373	uu_1	-63	2   0		508   508		0.927087	-9.01629	-1.45219
374	nu_e	23	298   0		0   0		555.181	-1.36083	1.99061
375	nu_ebar	23	298   0		0   0		32.8551	-0.792846	1.70834
376	g	-73	317   370		525   525		0.912323	4.08455	1.47958
377	g	-73	338   344		474   474		27.4036	-0.242179	-0.525362
378	sbar	-73	360   366		424   424		2.17508	0.986193	1.21879
379	g	-73	351   361		506   506		0.556544	-6.51873	-0.577551
380	u	-73	306   359		441   441		1.38952	-2.00012	0.816057
381	g	-73	343   348		444   444		1.57376	-1.26073	1.37974
382	g	-73	335   355		548   548		1.82864	0.202474	-2.105
383	s	-71	303   303		385   386		0.747851	-3.69318	1.16782
384	ubar	-71	323   323		385   386		2.7508	-3.19456	-0.500367
385	K-	83	383   384		0   0		0.598628	-4.17579	1.10528
386	pi0	-84	383   384		640   641		2.70289	-3.06954	-0.446308
387	d	-71	302   302		389   391		4.64694	-1.13761	-0.989103
388	ubar	-71	326   326		389   391		3.02395	-1.47229	-0.144353
389	K0	-83	387   388		567   567		0.744069	-1.35015	-0.860197
390	Kbar0	-83	387   388		568   568		4.40612	-1.14623	-0.902629
391	pi-	84	387   388		0   0		2.34916	-1.53118	-0.12594
392	d	-71	314   314		396   404		1.17064	-0.847674	-0.271295
393	g	-71	318   318		396   404		3.95085	-0.209961	-0.541604
394	g	-71	331   331		396   404		0.808492	-2.70301	-0.618893
395	dbar	-71	312   312		396   404		3.40276	-2.12715	-1.56372
396	pi-	83	392   395		0   0		0.870228	-0.126193	-0.449773
397	rho+	-83	392   395		569   570		1.46271	-0.416346	-0.156849
398	rho0	-83	392   395		571   572		1.45386	-1.20618	-0.865622
399	eta'	-83	392   395		642   644		1.0391	-1.35068	-0.380264
400	rho0	-83	392   395		573   574		0.464016	-0.871063	-1.05417
401	omega	-83	392   395		645   647		1.46426	-1.52294	-1.23521
402	rho0	-84	392   395		575   576		0.797875	-2.766	-1.66539
403	pi-	84	392   395		0   0		1.18374	-2.10073	-1.10037
404	pi+	84	392   395		0   0		0.499804	-2.30365	-1.79759
405	d	-71	329   329		411   419		0.757443	7.9875	-2.63929
406	g	-71	316   316		411   419		1.56955	6.57086	2.61305
407	g	-71	339   339		411   419		0.302832	7.24603	-1.26846
408	g	-71	320   320		411   419		1.05807	5.5387	-1.20788
409	g	-71	354   354		411   419		0.972413	5.16126	-0.171627
410	ubar	-71	305   305		411   419		0.828655	2.52619	-0.552993
411	rho-	-83	405   410		577   578		0.953767	7.35062	-3.13786
412	eta	-83	405   410		648   650		0.322177	7.8097	3.09029
413	p+	83	405   410		0   0		0.630198	7.53159	-2.27817
414	pbar-	83	405   410		0   0		0.735654	6.51726	0.521267
415	pi+	83	405   410		0   0		0.967658	4.40525	-1.79001
416	pi0	-83	405   410		651   652		0.40202	4.68947	0.465193
417	pi-	83	405   410		0   0		0.463542	5.17129	-1.15789
418	rho+	-84	405   410		579   580		0.349862	3.49808	-1.24644
419	pi-	84	405   410		0   0		0.729949	4.32364	0.231261
420	u	-71	334   334		425   440		5.88484	3.02906	0.0240104
421	g	-71	319   319		425   440		4.19127	1.93609	-0.156026
422	g	-71	301   301		425   440		3.33501	1.37126	0.230655
423	g	-71	349   349		425   440		4.03109	0.911637	-0.411526
424	sbar	-71	378   378		425   440		2.17508	0.986193	1.21879
425	pi+	83	420   424		0   0		2.13013	2.96076	-0.169788
426	pi-	83	420   424		0   0		1.51909	3.07012	0.465501
427	pi+	83	420   424		0   0		1.45029	2.48494	-0.358329
428	K0	-83	420   424		581   581		0.66392	2.83472	0.275524
429	Kbar0	-83	420   424		582   582		0.748405	2.83329	-0.128476
430	pi-	83	420   424		0   0		1.76291	1.81106	0.0263242
431	rho0	-83	420   424		583   584		0.828291	2.27178	0.669517
432	rho0	-83	420   424		585   586		2.39006	1.9839	-0.296884
433	pi0	-83	420   424		653   654		0.268442	0.695792	-0.115945
434	omega	-83	420   424		655   657		2.37339	1.29668	-0.300867
435	rho+	-83	420   424		587   588		2.26038	1.40104	0.0108299
436	pi0	-84	420   424		658   659		0.586496	0.472903	1.21561
437	pi-	84	420   424		0   0		0.769927	1.61187	1.43202
438	pi0	-84	420   424		660   661		0.962734	0.674172	-0.0785428
439	pi+	84	420   424		0   0		0.167811	1.12014	2.28986
440	K0	-84	420   424		589   589		0.908548	0.941887	0.300768
441	u	-71	380   380		453   467		1.38952	-2.00012	0.816057
442	g	-71	321   321		453   467		3.02709	-1.06444	0.693595
443	g	-71	337   337		453   467		0.966879	-1.31325	-0.595347
444	g	-71	381   381		453   467		1.57376	-1.26073	1.37974
445	g	-71	363   363		453   467		2.27542	-1.38118	2.14452
446	g	-71	350   350		453   467		1.97875	-2.22881	3.07794
447	g	-71	310   310		453   467		0.619939	-3.10793	-2.96613
448	g	-71	365   365		453   467		0.883631	-4.2158	-2.55666
449	g	-71	353   353		453   467		0.356971	-4.20241	2.56059
450	g	-71	362   362		453   467		0.863145	-3.17317	2.34432
451	g	-71	313   313		453   467		3.67584	-3.53203	1.7492
452	sbar	-71	340   340		453   467		1.71496	-2.80386	0.597892
453	pi+	83	441   452		0   0		1.11807	-1.92145	0.747346
454	pi-	83	441   452		0   0		0.861851	-0.9913	0.668872
455	p+	83	441   452		0   0		1.30721	-1.21743	0.45481
456	Lambdabar0	-83	441   452		662   663		2.19165	-1.57773	1.36342
457	K*bar0	-83	441   452		590   591		0.170159	-2.9799	-0.0362211
458	K0	-83	441   452		592   592		1.15278	-1.40636	1.4594
459	K*-	-84	441   452		593   594		0.759007	-2.05588	3.05639
460	pi+	84	441   452		0   0		0.925905	-2.10184	2.11158
461	n0	84	441   452		0   0		0.618698	-3.06307	2.97767
462	nbar0	84	441   452		0   0		0.591616	-3.80541	-2.0135
463	rho-	-84	441   452		595   596		1.38823	-3.09047	2.61254
464	eta'	-84	441   452		664   666		1.07663	-3.89839	2.87029
465	Delta++	-84	441   452		597   598		1.67095	-3.77374	1.70523
466	eta	-84	441   452		667   668		1.29224	-3.48406	1.79281
467	Sigmabar-	-84	441   452		669   670		1.71067	-3.20182	0.867152
468	s	-71	358   358		479   504		2.17766	-1.18371	-1.90236
469	g	-71	308   308		479   504		4.10342	-0.690996	-0.46053
470	g	-71	332   332		479   504		15.5349	-0.321704	-0.561305
471	g	-71	300   300		479   504		12.1429	-0.240954	-0.6046
472	g	-71	336   336		479   504		10.1713	-0.360176	-0.728281
473	g	-71	309   309		479   504		112.762	-0.37982	-0.695107
474	g	-71	377   377		479   504		27.4036	-0.242179	-0.525362
475	g	-71	324   324		479   504		13.0873	-0.26708	-0.578599
476	g	-71	304   304		479   504		11.6232	-0.196027	-0.624225
477	g	-71	330   330		479   504		2.80591	-0.301912	-0.492917
478	dbar	-71	341   341		479   504		4.70021	-0.68185	-0.590346
479	Kbar0	-83	468   478		599   599		0.601655	-1.38685	-0.798898
480	omega	-83	468   478		671   673		1.89933	-1.17729	-1.65543
481	omega	-83	468   478		674   676		1.30328	-0.298068	-0.30708
482	omega	-83	468   478		677   679		3.2249	-0.582649	-0.637235
483	pi-	83	468   478		0   0		1.51208	-0.265332	-0.686052
484	eta'	-83	468   478		680   681		9.54798	-0.315847	-0.589538
485	pi+	83	468   478		0   0		1.11889	-0.399468	-0.574104
486	pi-	83	468   478		0   0		0.847314	-0.151853	-0.56724
487	rho+	-83	468   478		600   601		9.40019	-0.379761	-0.670592
488	pi-	83	468   478		0   0		1.89423	-0.179557	-0.594297
489	rho+	-83	468   478		602   603		17.6733	-0.359343	-0.640403
490	omega	-83	468   478		682   684		21.0695	-0.371864	-0.67299
491	rho0	-83	468   478		604   605		15.9161	-0.387115	-0.702477
492	rho-	-83	468   478		606   607		35.5796	-0.357987	-0.695514
493	pi+	84	468   478		0   0		1.02449	-0.229405	-0.882113
494	pi-	84	468   478		0   0		5.4463	-0.414437	-0.67483
495	rho+	-84	468   478		608   609		14.9856	-0.360401	-0.651294
496	pi-	84	468   478		0   0		13.6883	-0.357194	-0.719123
497	pi+	84	468   478		0   0		0.567088	-0.414855	-0.617085
498	omega	-84	468   478		685   687		20.818	-0.283652	-0.56729
499	rho-	-84	468   478		610   611		6.46145	-0.177886	-0.582764
500	p+	84	468   478		0   0		15.509	-0.296182	-0.525048
501	pbar-	84	468   478		0   0		7.57198	-0.289767	-0.627897
502	rho+	-84	468   478		612   613		2.62628	-0.174857	-0.635433
503	pi0	-84	468   478		688   689		1.48453	-0.381089	-0.487701
504	rho0	-84	468   478		614   615		4.01936	-0.526935	-0.578187
505	u	-71	307   307		509   518		6.77954	-3.66377	-0.34344
506	g	-71	379   379		509   518		0.556544	-6.51873	-0.577551
507	g	-71	364   364		509   518		1.01422	-7.78743	0.853791
508	uu_1	-71	373   373		509   518		0.927087	-9.01629	-1.45219
509	omega	-83	505   508		690   692		0.956399	-4.22962	-0.930263
510	rho+	-83	505   508		616   617		5.09325	-3.79645	-0.287613
511	pi0	-83	505   508		693   694		0.550902	-3.47382	0.314002
512	rho-	-83	505   508		618   619		0.476218	-4.81216	-0.368093
513	eta	-83	505   508		695   697		0.127034	-6.96306	-1.4025
514	K+	84	505   508		0   0		0.388901	-8.0999	0.390713
515	K-	84	505   508		0   0		0.306668	-7.41609	0.733251
516	pi0	-84	505   508		698   699		0.474468	-7.23365	-1.35235
517	Delta+	-84	505   508		620   621		0.514327	-8.88617	-0.897468
518	pi+	84	505   508		0   0		0.20087	-9.91184	0.562606
519	d	-71	369   369		529   545		0.330411	2.54821	0.549558
520	g	-71	325   325		529   545		0.606322	3.23421	-2.45334
521	g	-71	345   345		529   545		1.8022	3.12973	-1.42061
522	g	-71	322   322		529   545		0.629084	3.2014	-0.233919
523	g	-71	352   352		529   545		0.680058	3.37334	2.84226
524	g	-71	328   328		529   545		1.29637	3.22973	1.90652
525	g	-71	376   376		529   545		0.912323	4.08455	1.47958
526	g	-71	311   311		529   545		2.93239	4.38124	0.19116
527	g	-71	342   342		529   545		0.38922	4.71594	2.27441
528	uu_1	-71	372   372		529   545		0.380642	9.96005	2.53241
529	omega	-83	519   528		700   702		0.510283	3.42229	-1.74772
530	pi-	83	519   528		0   0		0.656404	2.48863	-1.36026
531	rho+	-83	519   528		622   623		0.371934	4.18667	-0.440997
532	rho-	-83	519   528		624   625		0.735857	3.86882	-1.93527
533	rho0	-83	519   528		626   627		0.823514	3.91333	1.96191
534	omega	-83	519   528		703   705		0.767263	3.8684	0.35034
535	pi+	83	519   528		0   0		1.0567	3.52062	1.72813
536	eta	-84	519   528		706   708		0.845641	4.76192	0.30099
537	rho-	-84	519   528		628   629		0.233978	5.09813	1.09654
538	pi+	84	519   528		0   0		0.63879	5.04135	0.78216
539	pi0	-84	519   528		709   710		0.594893	4.57229	-0.290728
540	rho0	-84	519   528		630   631		0.112996	7.06631	-2.37454
541	K0	-84	519   528		632   632		0.576292	7.07525	0.277327
542	K-	84	519   528		0   0		0.336559	7.22554	2.7437
543	pi+	84	519   528		0   0		0.622808	6.82812	2.74231
544	Delta0	-84	519   528		633   634		0.452543	9.10392	-0.925945
545	pi+	84	519   528		0   0		0.386079	8.60438	1.95502
546	d	-71	299   299		552   566		359.745	0.601026	-1.52068
547	g	-71	333   333		552   566		42.3041	0.582733	-1.52657
548	g	-71	382   382		552   566		1.82864	0.202474	-2.105
549	g	-71	315   315		552   566		2.43724	0.469596	-1.22388
550	g	-71	327   327		552   566		1.11503	1.877	-1.64089
551	dbar	-71	371   371		552   566		0.729293	2.89389	-1.98785
552	rho-	-83	546   551		635   636		237.567	0.599686	-1.52183
553	pi0	-83	546   551		711   712		23.5373	0.603051	-1.51588
554	eta	-83	546   551		713   714		92.8311	0.596134	-1.52001
555	pi0	-83	546   551		715   716		10.0111	0.636285	-1.52961
556	pi+	83	546   551		0   0		1.97341	0.43406	-1.59367
557	pi-	83	546   551		0   0		25.4696	0.596924	-1.52116
558	rho+	-84	546   551		637   638		7.03909	0.573373	-1.44255
559	eta	-84	546   551		717   719		3.46507	0.553558	-1.71191
560	pi-	84	546   551		0   0		1.34392	0.780199	-1.57992
561	pi+	84	546   551		0   0		0.356276	0.355847	-1.63754
562	pi-	84	546   551		0   0		1.54803	0.15494	-1.9315
563	omega	-84	546   551		720   722		1.1799	1.7612	-1.09945
564	K+	84	546   551		0   0		0.656414	0.956112	-1.68079
565	K-	84	546   551		0   0		0.113699	3.625	-1.29162
566	pi+	84	546   551		0   0		0.934911	2.27665	-1.75479
567	K_L0	91	389   389		0   0		0.744069	-1.35015	-0.860197
568	K_L0	91	390   390		0   0		4.40612	-1.14623	-0.902629
569	pi+	91	397   0		0   0		0.773968	-0.433488	-0.673883
570	pi0	-91	397   0		723   724		0.877675	-0.314526	0.294185
571	pi+	91	398   0		0   0		0.578819	-1.781	-0.705965
572	pi-	91	398   0		0   0		0.887183	-0.577903	-0.969531
573	pi+	91	400   0		0   0		0.250443	0.182291	-0.128377
574	pi-	91	400   0		0   0		0.371889	-1.11038	-1.6224
575	pi+	91	402   0		0   0		0.439038	-3.16782	-1.4266
576	pi-	91	402   0		0   0		0.385544	-1.77983	-1.93811
577	pi-	91	411   0		0   0		0.672413	7.14942	-2.64443
578	pi0	-91	411   0		725   726		0.481838	7.17419	2.42318
579	pi+	91	418   0		0   0		0.284309	3.49322	-2.15467
580	pi0	-91	418   0		727   728		0.284359	2.06677	-0.338434
581	K_L0	91	428   428		0   0		0.66392	2.83472	0.275524
582	K_L0	91	429   429		0   0		0.748405	2.83329	-0.128476
583	pi+	91	431   0		0   0		0.314197	2.94057	0.764005
584	pi-	91	431   0		0   0		0.516347	1.42209	0.612074
585	pi+	91	432   0		0   0		1.58004	2.08275	-0.119707
586	pi-	91	432   0		0   0		0.879985	1.68135	-0.618886
587	pi+	91	435   0		0   0		1.85355	1.47732	-0.0745651
588	pi0	-91	435   0		729   730		0.442768	0.909716	0.375941
589	K_L0	91	440   440		0   0		0.908548	0.941887	0.300768
590	K-	91	457   0		0   0		0.344753	-1.98712	-2.05783
591	pi+	91	457   0		0   0		0.446013	-0.866629	0.733232
592	K_L0	91	458   458		0   0		1.15278	-1.40636	1.4594
593	Kbar0	-91	459   0		639   639		0.660703	-2.16048	3.01784
594	pi-	91	459   0		0   0		0.102022	-0.787745	-2.97458
595	pi-	91	463   0		0   0		1.23957	-2.88545	2.45221
596	pi0	-91	463   0		731   732		0.257367	-3.47771	-2.79354
597	p+	91	465   0		0   0		1.20918	-3.4991	1.86619
598	pi+	91	465   0		0   0		0.515232	-4.15226	1.31962
599	K_S0	-91	479   479		733   734		0.601655	-1.38685	-0.798898
600	pi+	91	487   0		0   0		7.52945	-0.414819	-0.662525
601	pi0	-91	487   0		735   736		1.87196	-0.234257	-0.703044
602	pi+	91	489   0		0   0		11.7394	-0.347646	-0.66906
603	pi0	-91	489   0		737   738		5.94823	-0.381464	-0.583824
604	pi+	91	491   0		0   0		2.77415	-0.480051	-0.761294
605	pi-	91	491   0		0   0		13.1478	-0.366904	-0.690074
606	pi-	91	492   0		0   0		25.7535	-0.346902	-0.70106
607	pi0	-91	492   0		739   740		9.8276	-0.386787	-0.68098
608	pi+	91	495   0		0   0		6.79198	-0.305113	-0.643017
609	pi0	-91	495   0		741   742		8.19402	-0.405431	-0.658155
610	pi-	91	499   0		0   0		4.76128	-0.10556	-0.600016
611	pi0	-91	499   0		743   744		1.70286	-0.374064	-0.534511
612	pi+	91	502   0		0   0		0.868063	-0.155788	-0.334504
613	pi0	-91	502   0		745   746		1.81555	-0.178493	-0.777631
614	pi+	91	504   0		0   0		2.41174	-0.486372	-0.725133
615	pi-	91	504   0		0   0		1.67134	-0.566112	-0.365301
616	pi+	91	510   0		0   0		4.34822	-3.80284	-0.26116
617	pi0	-91	510   0		747   748		0.755352	-3.74454	-0.440471
618	pi-	91	512   0		0   0		0.12886	-5.89279	0.288182
619	pi0	-91	512   0		749   750		0.382299	-3.43653	-0.57524
620	p+	91	517   0		0   0		0.326768	-9.09585	-1.43426
621	pi0	-91	517   0		751   752		0.287147	-7.93865	-0.276354
622	pi+	91	531   0		0   0		0.305912	4.25972	-1.02954
623	pi0	-91	531   0		753   754		0.206506	2.61864	0.524579
624	pi-	91	532   0		0   0		0.420246	3.60066	-0.943264
625	pi0	-91	532   0		755   756		0.616258	3.47289	-2.54282
626	pi+	91	533   0		0   0		0.175546	2.96996	1.00728
627	pi-	91	533   0		0   0		0.736139	3.93904	2.15777
628	pi-	91	537   0		0   0		0.265817	4.7599	-0.0791408
629	pi0	-91	537   0		757   758		0.278432	3.26469	2.1748
630	pi+	91	540   0		0   0		0.121656	4.54947	1.41998
631	pi-	91	540   0		0   0		0.222276	6.29885	-2.03558
632	K_S0	-91	541   541		759   760		0.576292	7.07525	0.277327
633	n0	91	544   0		0   0		0.413647	9.10031	-0.509168
634	pi0	-91	544   0		761   762		0.183197	7.59189	-2.07911
635	pi-	91	552   0		0   0		33.7975	0.595831	-1.52813
636	pi0	-91	552   0		763   764		203.77	0.600322	-1.52079
637	pi+	91	558   0		0   0		5.44439	0.539282	-1.50121
638	pi0	-91	558   0		765   766		1.63552	0.670366	-1.24613
639	K_L0	91	593   593		0   0		0.660703	-2.16048	3.01784
640	gamma	91	386   0		0   0		2.70065	-3.07017	-0.446653
641	gamma	91	386   0		0   0		0.00242454	-1.58825	-0.0517543
642	pi+	91	399   0		0   0		0.286777	-0.902909	-0.242665
643	pi-	91	399   0		0   0		0.180211	-0.979976	0.253775
644	eta	-91	399   0		767   769		0.627105	-1.52267	-0.615388
645	pi+	91	401   0		0   0		1.02863	-1.48212	-1.06257
646	pi-	91	401   0		0   0		0.285066	-0.995473	-1.43639
647	pi0	-91	401   0		770   771		0.209252	-1.94574	-1.84444
648	pi+	91	412   0		0   0		0.205871	6.86755	2.88758
649	pi-	91	412   0		0   0		0.141265	7.73425	-2.54767
650	pi0	-91	412   0		772   773		0.0441726	8.73051	1.69369
651	gamma	91	416   0		0   0		0.125849	4.54993	-0.0324307
652	gamma	91	416   0		0   0		0.297561	4.67254	0.668474
653	gamma	91	433   0		0   0		0.266798	0.586931	-0.232945
654	gamma	91	433   0		0   0		0.0313368	0.992822	1.34395
655	pi+	91	434   0		0   0		0.763527	1.14562	-0.0949181
656	pi-	91	434   0		0   0		0.617386	1.1684	-0.698275
657	pi0	-91	434   0		774   775		1.05997	1.40911	-0.222663
658	gamma	91	436   0		0   0		0.0281286	-0.221487	1.9785
659	gamma	91	436   0		0   0		0.566497	0.498265	1.18129
660	gamma	91	438   0		0   0		0.622798	0.760011	-0.127102
661	gamma	91	438   0		0   0		0.342008	0.502307	0.00996416
662	nbar0	91	456   0		0   0		1.70729	-1.55298	1.35392
663	pi0	-91	456   0		776   777		0.484702	-1.66006	1.39692
664	pi+	91	464   0		0   0		0.133413	-3.63224	2.06282
665	pi-	91	464   0		0   0		0.0638159	-4.79675	2.94331
666	eta	-91	464   0		778   779		0.925311	-3.77483	2.96959
667	gamma	91	466   0		0   0		0.780448	-3.38279	1.43753
668	gamma	91	466   0		0   0		0.62282	-3.42514	2.24385
669	pbar-	91	467   0		0   0		1.40495	-3.14499	0.99092
670	pi0	-91	467   0		780   781		0.360876	-3.26269	0.365792
671	pi+	91	480   0		0   0		0.299908	-0.566954	-1.55417
672	pi-	91	480   0		0   0		1.0224	-1.32214	-1.56896
673	pi0	-91	480   0		782   784		0.594328	-1.13481	-1.85636
674	pi+	91	481   0		0   0		0.538452	-0.492477	0.0146363
675	pi-	91	481   0		0   0		0.0719698	0.879707	-0.632607
676	pi0	-91	481   0		785   786		0.73908	-0.254351	-0.507643
677	pi+	91	482   0		0   0		0.954776	-0.743595	-0.550714
678	pi-	91	482   0		0   0		0.849688	-0.367139	-0.493152
679	pi0	-91	482   0		787   788		1.44733	-0.582098	-0.779009
680	rho0	-91	484   0		789   790		8.67007	-0.307237	-0.571766
681	gamma	91	484   0		0   0		0.892678	-0.393317	-0.76301
682	pi+	91	490   0		0   0		4.64692	-0.329562	-0.700041
683	pi-	91	490   0		0   0		13.6422	-0.378447	-0.666503
684	pi0	-91	490   0		791   793		2.78266	-0.409147	-0.659623
685	pi+	91	498   0		0   0		7.40942	-0.303385	-0.598669
686	pi-	91	498   0		0   0		11.0949	-0.274821	-0.546995
687	pi0	-91	498   0		794   795		2.31969	-0.261862	-0.564139
688	gamma	91	503   0		0   0		1.14214	-0.41907	-0.518205
689	gamma	91	503   0		0   0		0.344683	-0.249126	-0.386467
690	pi+	91	509   0		0   0		0.754325	-3.9986	-0.954424
691	pi-	91	509   0		0   0		0.140285	-5.00194	-0.439899
692	pi0	-91	509   0		796   797		0.0919648	-3.69787	-1.47739
693	gamma	91	511   0		0   0		0.0127541	-4.27343	-1.14931
694	gamma	91	511   0		0   0		0.54968	-3.42323	0.337072
695	pi0	-91	513   0		798   799		0.10787	-6.29744	-2.95779
696	pi0	-91	513   0		800   801		0.0610838	-6.18954	0.957687
697	pi0	-91	513   0		802   803		0.180755	-5.53665	-1.03563
698	gamma	91	516   0		0   0		0.268841	-7.39938	-1.21159
699	gamma	91	516   0		0   0		0.211674	-6.9359	-1.53151
700	pi+	91	529   0		0   0		0.244837	2.43687	-1.8565
701	pi-	91	529   0		0   0		0.126727	3.67163	1.60646
702	pi0	-91	529   0		804   805		0.394388	2.99473	-1.61211
703	pi+	91	534   0		0   0		0.0684347	5.03774	-1.81027
704	pi-	91	534   0		0   0		0.394969	3.55333	0.0983253
705	pi0	-91	534   0		806   807		0.450472	3.31472	0.702453
706	pi0	-91	536   0		808   809		0.204361	4.4912	0.495045
707	pi0	-91	536   0		810   811		0.435379	4.56905	0.476641
708	pi0	-91	536   0		812   813		0.245322	5.06071	-0.189176
709	gamma	91	539   0		0   0		0.425237	4.6071	-0.158325
710	gamma	91	539   0		0   0		0.18224	4.40778	-0.603868
711	gamma	91	553   0		0   0		19.1905	0.605641	-1.51505
712	gamma	91	553   0		0   0		4.34683	0.591566	-1.51956
713	gamma	91	554   0		0   0		10.1133	0.610672	-1.52857
714	gamma	91	554   0		0   0		82.7183	0.594346	-1.51897
715	gamma	91	555   0		0   0		4.19838	0.623836	-1.51971
716	gamma	91	555   0		0   0		5.81305	0.645189	-1.53676
717	pi0	-91	559   0		814   815		1.17862	0.666375	-1.71126
718	pi0	-91	559   0		816   817		1.68131	0.47067	-1.7377
719	pi0	-91	559   0		818   819		0.607192	0.551169	-1.64172
720	pi+	91	563   0		0   0		0.55844	1.21712	-1.24158
721	pi-	91	563   0		0   0		0.537071	2.05875	-0.829741
722	pi0	-91	563   0		820   821		0.126774	1.86971	-1.62867
723	gamma	91	570   0		0   0		0.401494	-0.456013	0.211259
724	gamma	91	570   0		0   0		0.478717	-0.189227	0.36371
725	gamma	91	578   0		0   0		0.137233	6.80557	2.71374
726	gamma	91	578   0		0   0		0.352556	7.26718	2.31143
727	gamma	91	580   0		0   0		0.296402	2.00444	-0.367901
728	gamma	91	580   0		0   0		0.0147719	1.30203	2.17064
729	gamma	91	588   0		0   0		0.190839	0.549765	0.481279
730	gamma	91	588   0		0   0		0.253781	1.12675	0.296792
731	gamma	91	596   0		0   0		0.0620535	-3.09464	2.55948
732	gamma	91	596   0		0   0		0.225825	-3.42918	-2.57142
733	pi+	91	599   0		0   0		0.210401	-1.43931	-1.73912
734	pi-	91	599   0		0   0		0.506934	-1.13836	-0.45705
735	gamma	91	601   0		0   0		0.00299871	0.0826735	1.47385
736	gamma	91	601   0		0   0		1.87367	-0.234176	-0.704359
737	gamma	91	603   0		0   0		4.98424	-0.371548	-0.585603
738	gamma	91	603   0		0   0		0.964048	-0.432129	-0.574623
739	gamma	91	607   0		0   0		5.10017	-0.378684	-0.670503
740	gamma	91	607   0		0   0		4.72802	-0.395456	-0.692281
741	gamma	91	609   0		0   0		5.87719	-0.409037	-0.64848
742	gamma	91	609   0		0   0		2.31781	-0.396103	-0.68269
743	gamma	91	611   0		0   0		1.40475	-0.384854	-0.569168
744	gamma	91	611   0		0   0		0.30289	-0.317747	-0.373111
745	gamma	91	613   0		0   0		0.421138	-0.0430111	-0.774921
746	gamma	91	613   0		0   0		1.39441	-0.21889	-0.77845
747	gamma	91	617   0		0   0		0.181009	-3.93904	-0.678782
748	gamma	91	617   0		0   0		0.581031	-3.66292	-0.366863
749	gamma	91	619   0		0   0		0.346245	-3.2587	-0.614593
750	gamma	91	619   0		0   0		0.0387925	-4.30567	-0.216437
751	gamma	91	621   0		0   0		0.258338	-7.9138	-0.104538
752	gamma	91	621   0		0   0		0.0549038	-7.49271	-1.21114
753	gamma	91	623   0		0   0		0.157173	2.7235	0.803684
754	gamma	91	623   0		0   0		0.0703264	1.84433	-0.138707
755	gamma	91	625   0		0   0		0.393732	3.32624	-2.43276
756	gamma	91	625   0		0   0		0.229028	3.66039	-2.73279
757	gamma	91	629   0		0   0		0.262823	3.30902	2.21294
758	gamma	91	629   0		0   0		0.0187098	1.66844	1.60957
759	pi+	91	632   0		0   0		0.173372	7.40523	-0.690281
760	pi-	91	632   0		0   0		0.498813	6.67757	0.56762
761	gamma	91	634   0		0   0		0.115291	7.37037	-2.70435
762	gamma	91	634   0		0   0		0.11226	7.37988	-1.43424
763	gamma	91	636   0		0   0		61.1808	0.600711	-1.51986
764	gamma	91	636   0		0   0		142.59	0.600155	-1.52119
765	gamma	91	638   0		0   0		0.881067	0.73296	-1.28685
766	gamma	91	638   0		0   0		0.75603	0.593143	-1.19866
767	pi+	91	644   0		0   0		0.392296	-1.36394	-0.933235
768	pi-	91	644   0		0   0		0.215317	-1.22651	-0.222913
769	pi0	-91	644   0		822   823		0.0685684	-2.23418	0.0119228
770	gamma	91	647   0		0   0		0.188237	-1.87104	-2.11486
771	gamma	91	647   0		0   0		0.0574862	-1.48578	-0.779512
772	gamma	91	650   0		0   0		0.0644085	6.90018	2.42409
773	gamma	91	650   0		0   0		0.0431395	8.48783	0.0345567
774	gamma	91	657   0		0   0		0.00459684	1.49874	2.37722
775	gamma	91	657   0		0   0		1.06391	1.40156	-0.224891
776	gamma	91	663   0		0   0		0.0103714	-3.25944	1.71813
777	gamma	91	663   0		0   0		0.474872	-1.57161	1.39002
778	gamma	91	666   0		0   0		0.628755	-3.27637	-3.09146
779	gamma	91	666   0		0   0		0.341373	-4.23995	2.55176
780	gamma	91	670   0		0   0		0.137759	-2.96498	-0.053468
781	gamma	91	670   0		0   0		0.241645	-3.33074	0.6
782	gamma	91	673   0		0   0		0.348536	-0.952803	-1.95649
783	e-	91	673   0		0   0		0.11286	-1.35208	-1.69636
784	e+	91	673   0		0   0		0.137159	-1.32805	-1.73312
785	gamma	91	676   0		0   0		0.487814	-0.159226	-0.412649
786	gamma	91	676   0		0   0		0.257654	-0.422115	-0.688202
787	gamma	91	679   0		0   0		0.624244	-0.526155	-0.686279
788	gamma	91	679   0		0   0		0.827793	-0.620318	-0.848893
789	pi+	91	680   0		0   0		7.89542	-0.293128	-0.557365
790	pi-	91	680   0		0   0		0.783756	-0.442468	-0.717353
791	gamma	91	684   0		0   0		0.253079	-0.257237	-0.676374
792	e-	91	684   0		0   0		0.922323	-0.417934	-0.655077
793	e+	91	684   0		0   0		1.6073	-0.427325	-0.659594
794	gamma	91	687   0		0   0		0.670455	-0.197072	-0.499464
795	gamma	91	687   0		0   0		1.65121	-0.287577	-0.590385
796	gamma	91	692   0		0   0		0.0302638	-2.07801	0.53998
797	gamma	91	692   0		0   0		0.108524	-3.46636	-1.73164
798	gamma	91	695   0		0   0		0.0448031	-6.41443	-1.38895
799	gamma	91	695   0		0   0		0.116723	-5.58954	2.93144
800	gamma	91	696   0		0   0		0.100799	-5.16606	0.707666
801	gamma	91	696   0		0   0		0.0442742	-5.61253	-2.78229
802	gamma	91	697   0		0   0		0.0778059	-4.55214	-0.84297
803	gamma	91	697   0		0   0		0.105447	-5.90027	-1.17739
804	gamma	91	702   0		0   0		0.147616	3.17227	-1.99067
805	gamma	91	702   0		0   0		0.262945	2.80823	-1.40311
806	gamma	91	705   0		0   0		0.250372	3.02032	0.787871
807	gamma	91	705   0		0   0		0.202145	3.5817	0.596587
808	gamma	91	706   0		0   0		0.0776264	3.56294	0.720517
809	gamma	91	706   0		0   0		0.129864	4.78199	0.361007
810	gamma	91	707   0		0   0		0.237555	4.31651	0.283022
811	gamma	91	707   0		0   0		0.207364	4.75941	0.698892
812	gamma	91	708   0		0   0		0.0204189	4.27678	-2.2002
813	gamma	91	708   0		0   0		0.254694	4.98448	-0.116586
814	gamma	91	717   0		0   0		0.400915	0.821321	-1.70286
815	gamma	91	717   0		0   0		0.777727	0.580509	-1.71559
816	gamma	91	718   0		0   0		0.65398	0.419026	-1.65048
817	gamma	91	718   0		0   0		1.03139	0.501125	-1.79296
818	gamma	91	719   0		0   0		0.607079	0.514995	-1.6441
819	gamma	91	719   0		0   0		0.00145084	3.54957	-0.150607
820	gamma	91	722   0		0   0		0.123791	1.32645	-2.06436
821	gamma	91	722   0		0   0		0.0542325	1.93902	-0.329454
822	gamma	91	769   0		0   0		0.0331161	-0.630918	2.8417
823	gamma	91	769   0		0   0		0.100602	-1.79425	-0.0892363
================================status-23===================================
no.	eventid	status	mothers		daughters	pT	eta	phi

6	d	-23	3   4		10   10		544.226	0.177278	-1.23191
=====================ture===========================
==============================status-23-END==============================
===============================================================================phi0size===============================================================================================1
